kinematics:
  shoulder:
    x: 0
    y: 0
    z: 0.1626713656238066
    roll: -0
    pitch: 0
    yaw: 4.440162011676296e-08
  upper_arm:
    x: 0.0001074284466366568
    y: 0
    z: 0
    roll: 1.568900299583206
    pitch: 0
    yaw: 5.317153005565982e-06
  forearm:
    x: -0.4252792228483518
    y: 0
    z: 0
    roll: 3.140215546292493
    pitch: 3.138992367298761
    yaw: 3.141590053180454
  wrist_1:
    x: -0.3925816029631302
    y: -0.0006304099090212775
    z: 0.1336958186051931
    roll: 0.004715220293048735
    pitch: -0.001298588720806687
    yaw: 1.157534920017808e-05
  wrist_2:
    x: -4.514033180005977e-06
    y: -0.09974721170876895
    z: 0.0001769098165466073
    roll: 1.569022747082532
    pitch: 0
    yaw: 1.466406059833641e-06
  wrist_3:
    x: 1.040383298500094e-05
    y: 0.09968862557388704
    z: 9.21302418261068e-05
    roll: 1.571720506610457
    pitch: 3.141592653589793
    yaw: -3.141592419450557
  hash: calib_8472468630585718859